0 0 1
1 51 53 70 92 208 211 219 245 265 266 287 350 358 359 381 710 761 762 766 841 853 934 965 1011 1014
2 1068 1069 1071 1090 1102
3 122 613 1209 1211 1217 1226 1227 1233 1261 1274 1294
4 1316 1317 1318 1319 1320 1321 1323 1324 1327 1329
5 424 459 524 592 617 619 626 627 630 697 711 714 772 828 1058 1062 1064 1115 1128 1129 1165 1332 1338 1358 1379 1422 1443 1444 1445 1447 1451 1458 1462 1465 1466 1489 1530 1531 1549 1556 1618 1627 1629 1631 1641 1729 1737 1747 1800 1801 1805 1856 1862 1865 1879 1881 1892 1912 1935 1938 1939 1943 1948 1961 2011 2013 2014 2060 2064 2065 2066 2073 2086 2108 2124 2126 2128 2138 2143 2148 2173 2188 2193 2198 2200 2205 2210 2211 2213 2215 2223 2238 2253 2258 2265 2276 2286 2289 2309 2310 2316 2332 2338 2340 2341 2346 2377
6 135 147 167 183 204 226 251 365 638 653 697 1087 1116 1386 1404 1417 1671 1718 1758 1760 1787 1953 2054 2275 2280 2405 2410 2412 2432 2434 2439 2440 2443 2447 2451 2454 2456 2476 2478 2481 2482 2484 2485 2487 2489 2505 2507 2508 2510 2515 2516 2518 2519 2523 2525 2531 2536 2537 2538 2560 2561 2564 2566 2567 2568 2569 2574 2578 2579 2601 2609
7 1249 2670 2712 2715 2725 3007
8 1118 1658 3066 3068 3071 3075
9 10 13 22 57 303 407 448 467 563 683 684 697 728 730 732 847 1117 1135 1168 1189 1406 1436 1750 1760 1843 1880 1935 2027 2052 2108 2113 2139 2297 2540 2631 2924 2984 3082 3083 3084 3086 3088 3089 3096 3097 3098 3099 3107 3132 3198 3202 3207 3211 3212 3213 3214 3215 3216 3220 3224 3225 3230 3249 3251 3258 3259 3261 3263 3271 3272 3273 3276 3282 3283 3290 3324 3331 3365 3369 3371 3377 3378 3387 3407 3414 3492 3495 3499 3501 3509 3510 3511 3514 3515 3516 3518 3528 3529 3530 3533 3551 3558 3574 3576 3597 3602 3603 3604 3614 3615 3617 3625 3639 3642 3643 3646 3647 3649 3654 3655 3661 3667 3669 3670 3673
10 28
11 1469
12 3777 3784
13 1362
14 80 90 166 236 242 275 301 350 366 394 446 450 475 627 675 712 1063 1101 1103 1228 1277 1301 1397 1483 1627 1782 1796 1799 2011 2293 2352 2410 2475 2529 2535 2612 2635 2652 2831 2871 3056 3096 3156 3220 3414 3593 3611 3632 3665 3748 3749 3769 3806 3807 3808 3813 3820 3826 3840 3864 3866 3870 3876 3878 3879 3881 3899 3912 3920 3927 3930 3980 3981 3982 3985 3987 3990 4003 4008 4022 4036 4040 4065 4069 4071 4074 4077 4078 4079 4086 4090 4093 4103 4107 4108 4116 4126 4132 4158 4196 4197 4204 4213 4224 4227 4230 4231 4233 4235 4242 4258 4265 4267 4339 4344 4357 4398 4424 4426 4464 4465
15
16 1780 2616 3421 4477 4478 4479 4481 4483 4484
17 122 301 738 1061 1146 1194 1209 1210 1216 1418 1915 2108 2116 2936 3057 4350 4500 4526 4529 4531 4534 4539 4609 4626 4635 4638 4647 4651 4657 4664 4665 4669 4672 4679 4680 4683 4686 4736 4743 4745 4831 4832 4835 4836 4839 4840 4841 4849 4850 4864 4865 4872 4902 4912 4945 4950 4971 4982 4983 5002 5003 5105
18 109 136 204 212 259 270 285 298 301 321 353 390 493 517 570 624 626 641 644 666 668 697 729 750 819 896 935 944 965 988 1031 1147 1168 1174 1420 1548 1618 1631 1723 1750 1761 1766 1881 1919 2001 2055 2076 2257 2280 2457 2569 2576 2578 2579 2626 2644 2651 2658 2683 2704 2794 2826 2972 3125 3156 3201 3284 3330 3382 3402 3436 3462 3503 3647 3661 3710 3800 3856 3891 3932 4290 4344 4349 4425 5128 5138 5139 5142 5144 5146 5151 5159 5160 5162 5170 5173 5176 5178 5188 5206 5207 5216 5217 5218 5221 5225 5240 5242 5249 5262 5263 5264 5266 5269 5273 5291 5292 5293 5294 5296 5298 5300 5301 5302 5310 5326 5332 5333 5335 5338 5341 5344 5346 5355 5356 5360 5362 5366 5374 5378 5382 5387 5389 5391 5392 5404 5409 5410 5414 5416 5431 5433 5439 5456 5461 5462 5474 5481 5482 5483 5486 5491 5494 5516 5517 5521 5522 5523 5524 5533 5534 5535 5546 5548 5551 5556 5558 5560 5575 5577 5580 5581 5592 5626 5638
19 1076 1077
20 5685 5687 5769 5770
21 5786
22 149 167 189 397 896 1102 1108 1387 1470 1750 1881 1945 2170 2193 2294 2432 2597 3089 3096 3421 3619 3662 3700 3855 4323 4335 4480 5801 5807 5810 5811 5830 5834 5835 5838 5841 5842 5850 5881 5893 5898 5911 5915 5927 5936 5967
23 1138 5988
24 1115 1209 1214 1215 1217 1257 1395 1626 2309 2581 2625 2740 2857 3057 3653 3926 4134 4316 4529 4533 4536 4537 4545 4546 4547 4549 4550 4551 4554 4555 4558 4571 4598 4609 4621 4646 4652 4754 4757 4761 4792 4852 4867 4882 4898 4923 4935 4945 4999 5007 5990 5993 5994 5999 6000 6031 6051 6055 6058 6059 6060 6064 6065 6072 6083 6088 6094 6100 6113 6114 6117 6119 6131 6132 6136 6138 6139 6141 6142 6143 6144 6149 6153 6157 6184 6187 6193 6200 6210
25 6233 6235 6239 6242 6245 6263
26 105 6297
27 1563 6306
28 711
29 143 275 1277 1626 4019 4048 4188 4398 4589 4591 4606 4625 4649 4652 4674 4681 4833 4843 5001 5714 6328 6466 6479 6548 6832 6862 6888 6897
30 1432
31 1707 5939 7027 7030 7031
32 3097 3101
33 3349 7041 7085 7095 7109
34 1083 1100 1126 1134
35 1464 2790 2853 2860 3099 4129 7036 7397 7400 7401
36 340 1847 1907 2452 4584 5255 7409 7411 7416 7417 7418 7420 7423 7427 7429
37 36 42 7435 7436
38 105 326 338 1354 1684 1878 2018 2531 2578 2958 2972 3071 3073 3156 3178 3525 3664 4065 4856 5288 5801 6182 6356 6737 7309 7412 7416 7419 7444 7446 7450 7452 7461 7462 7464 7465 7466 7471 7473 7475 7476 7477 7478 7482 7483 7494 7495 7496 7499 7504 7505 7506 7507 7508 7509 7510 7513 7515 7516 7520 7521 7523 7526 7527 7534 7535 7536 7537 7541 7542 7544 7545 7547 7548 7550 7557 7559 7560 7561 7563 7564 7565 7567 7568 7569 7572 7573 7574 7576 7580 7582
39 263
40 7587 7588
41 122 143 1120 2257 2265 2314 4320 4546 4866 5654 7228 7590 7594 7595 7601 7612 7615 7627 7641 7642 7679 7697 7717 7736 7743 7762
42 6287 7771 7773 7788 7834 7836 7850
43 7859 7861 7864 7866
44 1501
45 7871 7877 7888 7889 7890 7891 7894 7907 7908 7936
46 4281 7943 7945
47 1108
48 569 1273 2198 2234 3710 4374 5632 6321 7062 7967 7969 7970 7971 7972 7974 7984 8004 8005 8020 8023 8025
49 34 8045
50 257 8075 8102 8127
51 3508 3635 8115
52 1271 8173 8174 8175 8176 8177 8178 8179 8180 8181 8182 8183 8184
53 8188 8189
54 6599
55 122 143 168 561 1099 1194 1402 1404 1492 1501 1517 1572 1592 1787 1878 1881 1967 1995 2017 2020 2133 2242 2265 2359 2418 2608 2680 3263 4075 4320 5025 5750 5925 6120 6204 6599 8166 8192 8193 8194 8195 8196 8197 8198 8201 8202 8203 8204 8208 8209 8210 8211 8212 8213 8214 8215 8216 8217 8219 8220 8223 8224 8225 8226 8228 8229 8230 8231 8234 8235 8236 8239 8240 8241 8242 8243 8245 8246 8247 8248 8249 8251 8252 8253 8255 8256
56 1722 2179 3413 3535 8270 8329 8334 8338
57 8379
58 2582 8387
59 3040 7279 8412 8414 8415 8416 8417 8418 8459 8461
60 8165 8467 8468 8475
61 2410 8482
62 2258 8493 8495
63 27 128 135 143 200 247 303 478 561 606 1115 1152 1194 1225 1248 1540 1848 1915 2418 2629 3057 3866 4198 4609 4945 4975 5425 5582 5646 5706 6013 8004 8199 8251 8255 8500 8502 8505 8506 8509 8511 8516 8520 8523 8526 8530 8531 8534 8538 8539 8540 8541 8543 8550
64 8564
65 118 8593
66 2028 8608 8609 8610 8611 8612 8614 8615 8616 8617 8619 8626 8629 8631 8632
67 6985 8641 8642
68 570 1215 2107 3236 3824 8652 8653 8654 8655 8657 8658 8661
69 8588 8668 8672 8674 8676 8678
70 152
71 8706 8798 8819
72 600 1778 5947 6846 7434 8866 8881 8908 8909 8925 8927 8944
73 3068 4856 9031 9032 9034 9039 9046
74 459 1031 1099 1242 1248 1250 2951 3201 3673 3960 6032 6180 6495 6972 8004 8078 8251 8550 9063 9066 9075 9084 9085 9091 9093 9094 9108 9114 9121 9122 9127 9129 9130
75 9135 9136 9137
76 364 1118 1209 1354 3664 3683 5261 5657 7509 9143 9145 9146 9148 9152 9153 9159 9174
77 1886 3811 9183 9184
78 1905 9185 9186
79 4446 7035
80 1886 2661 2889 7370 9188 9190 9191 9201 9205
81 8 25 73 76 145 168 189 213 259 265 321 453 624 697 715 800 1080 1219 1297 1536 1555 1805 1889 1925 1954 2061 2282 2420 2460 2540 2598 2652 2729 2777 2995 3068 3107 3201 3344 3348 3534 3563 3578 3605 3615 3813 3818 3917 4465 4490 5434 5635 5699 5717 5975 6013 6221 6279 6582 6638 6677 7055 7318 8004 8291 8564 9132 9207 9208 9213 9251 9265 9275 9277 9297 9319 9356 9368 9369 9374 9396 9423 9458 9459 9475 9503 9507 9552 9554 9557 9591 9595 9599 9624 9636 9637 9656 9659 9660 9664 9666 9675 9685 9698 9706 9739 9742 9751 9775 9787 9794
82 43 140 172 198 972 1305 2468 2527 4105 5792 7121 9825 9826 9835 9839 9840 9847 9848 9849 9902 9903 9904 9913 9915 9923
83 1032 3967
84 9230 9231
85 143 3315 6658 8231 9135 9971 9972 9974 9975
86 44 133 1168 4198 5972 10052 10055 10070
87 2540 2715 4131 9123 9391 10088 10100 10101 10104 10105 10107 10108 10109 10110 10147 10149
88 10173
89 10178
90 4099
91 10186
92 3934 6321 6971 10234
93 7063
94 2648
95 9247 9907 10383 10388 10394 10395 10401 10402
96 10411 10412
97 10425
98 122 143 1394 2953 3465 4030 4508 6972 10512
99 1215 8657
100 1513 8687 9210
101 10557 10559 10561 10562
102 2538 5689
103 2193 3323 9782
104 9242
105 47 66 126 143 180 274 459 638 1058 1067 1146 1152 1156 1219 1242 1248 1250 1286 1339 1592 1643 2158 2354 2418 2614 2755 2911 2951 3059 3349 3380 3395 3519 3686 3765 4320 5706 5915 6032 6184 6983 7251 8166 8255 8550 9248 9322 9356 9561 10430 10574 10577 10578 10581 10582 10583 10584 10585 10586 10587 10588 10589 10590 10591 10592 10593 10594 10595 10597 10601 10608 10610 10612 10619 10626 10629 10632 10633 10634 10635 10637 10638
106 391 2659 2946 4455 5460 7279 8878 9098 10081 10092 10409 10640 10641 10642 10648 10654 10657 10658
107 9849
108 2248
109 2886 5870
110 1558
111 2139 10712 10713 10715 10721
112 1208 2961 9239 10726 10728 10729 10730 10731
113 324 829 1210 2081 3934 5105 10772 10794 10823 10824 10825 10827
114 1354 5236 9028 9029 10866
115 972
116 123 130 152 504 829 1990 2529 3071 3312 5314 7381 8684 8687 9626 9628 9789 10878 10879 10881 10882 10885 10887 10900 10909
117 2468 5013
118 777
119 271 487 3687 4441 5152 5708 5774 7081 8087 9297 10994 10997 11002 11014 11015
120 1753 11019 11020 11022 11024
121 3143 11033
122 1368
123 11069 11073 11075
124 55 78 85 127 382 935 970 1140 1577 1881 2137 2246 2400 3323 3864 4425 4536 5206 5696 5846 6344 7086 8337 8640 8649 9887 10092 10954 11096 11097 11101 11103 11104 11107 11109 11110 11111 11137
125 1358
126 3312 9898
127 135 633 670 843 896 1299 1389 1436 2295 2346 2409 3141 3204 3676 3700 3955 4043 4390 4911 5151 5524 5881 5897 5946 6700 7136 7272 7357 7437 8165 8917 8928 9851 11172 11174 11176 11177 11178 11186 11193 11205 11227 11289 11293 11296 11298 11299 11300
128 7662 11343
129 3217 3864 6197 11388
130 45 70 97 109 125 140 145 151 190 251 622 697 1294 1397 1776 3101 3349 3643 3863 3991 4347 5322 5551 6581 7088 7628 7691 8023 8501 8861 9696 10738 11405 11407 11415 11417 11423 11425 11433 11434 11440 11447 11453 11465 11466 11468 11472
131 2429 8162 11478 11485 11489
132 106
133 2628 10201 11491 11492 11494 11495 11509 11511
134 309 5951
135 11517
136 9307 9308
137 37
138 5456 11526
139 2426 11529
140 1626 3346 3349 4023 4282 5218 5251 5506 9376 11538 11540 11542 11552 11553 11554 11556 11568 11575 11576 11577 11579 11587
141 1867 7914 11595 11597
142 8668 10692 11642 11676
143 9377
144 5397 11716 11717
145
146 3855
147 198
148 6146
149 8652 8657 9294
150 1219
151 11745
152 9565
153 285 301 1353 1410 2270 8923 9752 11774
154 1215
155 3476
156 122 143 1099 1216 1679 2589 3131 4537 6495 9102 9247 10940 11789 11792 11793 11794 11795 11797 11798
157 9282 9334 11807
158 2969 8087 11823 11825 11828
159 10505 11854 11867
160 70 121 145 168 183 628 729 965 1469 1658 1683 2536 2620 11242 11874 11876 11877 11880 11881 11884 11885 11903 11906 11907
161 98 11139 11943 11952
162 6357
163 1401 1484 1875 3119 3177 5434 12011
164 11933 11979
165 12018
166 1206 11413 12027 12034
167 93
168 2278
169 4137 4856 12059 12061 12062 12064 12065 12066
170 9707 12068
171 1645
172 8311 12072
173 2275 2859 5218 5915 6321 11554
174 12080
175 11980 12084 12086
176 156 177 562
177 1094
178 11966
179
180 11950
181 2498 8076
182 2097
183 104 12101
184 1540
185 2569
186 1362 7334 12108 12109
187 6788 6793
188 669
189 1422
190
191 12173
192 1333 2709 12174 12175 12177 12178 12181 12183
193 319
194 3046 4180 7370 9188 12201
195 175 1118 1354 2529 3130 3164 5293
196 9888 12220 12225
197 161 9880 12228
198 2273 9487 12236
199 7081 11452 12248 12254 12255 12258 12260
200 11073
201 1640 1917 2334 3154 12276 12277 12283
202 7385 7391 10716 12290 12291 12294 12295
203 2473
204 3188
205 12305 12306
206 5340 9588
207 12328
208 1776 2797 2881 2905 2912 3900 7301 12352 12353 12367 12368 12397 12398
209 91 12403
210 1199
211
212 782 1716 6956 6973 9910 11514 12443 12447 12448 12456 12470 12472 12474 12475
213 12490
214 1946 4451 12492 12493 12494 12495 12496 12497 12498 12499 12500 12501 12502 12503 12504 12505 12506 12509 12510 12511
215 896 12521 12528
216 847 3177 6322 12540 12548
217 394 1040 6618 11000 11452 12019 12461 12525 12563 12564 12565 12569 12575 12588 12589 12590 12591 12592 12595
218 772 1063 1389 1863 2178 2293 2533 2856 5211 6879 9718 12604 12605 12606 12607 12608 12609 12610 12611 12614 12615 12616 12617 12618
219 12555
220 12626
221 1535 4086 5175 11468 12630
222 8166 10574
223 12640 12642 12643 12644
224 1830
225 9883 9897
226 2578
227 10501
228 478 3866 4561 11045 12661
229 125 324 949 1026 1081 1365 1406 1535 1947 2491 2569 3288 3630 3745 3954 4086 4225 4348 4536 5362 5397 5754 5792 5898 6423 6650 7083 7305 7753 8074 9548 9639 9931 10128 10602 10739 12679 12683 12686 12701 12705 12714 12716 12792 12810 12815
230 7931
231 165 1385 4345 11073 11085 12853
232 9873
233 9907
234 1354 7592 12644 12857
235 11427
236 9882
237 6327 7888 12873 12874
238 12537 12882 12883 12884
239 11336 12891
240
241 896
242 5162
243 11717
244 167 194 218 226 653 965 1096 1242 1300 1856 2108 2215 2296 2692 2880 3022 3156 3211 3647 4040 4043 4904 4922 6111 7084 7634 7703 9337 9708 9994 10574 12105 12937 12941 12942 12955 12965 12966 12969 12972
245 145 173 487 2673 3628 3956 4067 5931 12610 12963 12994 13000 13006 13012
246 2746 2793 11010 13036 13037 13042 13044 13045
247 19 44 108 115 128 324 326 328 329 349 365 380 450 459 467 492 518 550 570 579 586 597 600 632 662 708 711 829 847 896 965 972 979 1031 1108 1303 1314 1379 1393 1406 1451 1477 1548 1734 1901 1923 2025 2062 2074 2194 2257 2366 2390 2408 2432 2434 2468 2635 2652 2657 2713 2765 2774 2873 2884 2941 2951 3017 3036 3131 3174 3260 3310 3311 3323 3334 3414 3463 3531 3533 3558 3579 3621 3647 3662 3682 3877 3932 3955 4000 4126 4237 4258 4266 4273 4290 4328 4373 4398 4444 4756 4890 4996 5165 5389 5437 5450 5477 5494 5915 5975 6056 6073 6145 6235 6308 6378 6423 6801 6980 7059 7107 7176 7260 7297 7340 7351 7610 7717 7770 7910 8020 8181 8255 8476 8842 8861 8868 9399 9439 9661 9993 10027 10059 10187 10341 10532 10662 10749 10825 10873 10890 10960 11451 11889 12650 12825 12831 13043 13059 13062 13066 13076 13078 13079 13084 13088 13089 13090 13094 13100 13103 13104 13105 13107 13108 13110 13111 13113 13118 13119 13134 13150 13151 13157 13160 13162 13166 13169 13178 13179 13182 13187 13188 13189 13191 13197 13206 13208 13209 13210 13214 13217 13221 13224 13232 13239 13240 13241 13243 13244 13252 13255 13257 13274 13278 13279 13280 13282 13306 13307 13308 13309 13312 13324 13326 13327 13328 13336 13365 13369 13370 13371 13379 13393 13402 13417 13427 13428 13429 13431 13437 13444 13446 13452 13453 13454 13459
248 8475
249 247 394 753 890 1003 3291 3431 3463 4889 5596 7193 7608 7892 8500 8733 9011 10079 10772 10929 11449 12334 13496 13520 13538 13550 13568 13578 13595 13596 13597 13598 13601 13624 13626 13627 13628 13631 13633 13644 13673 13685 13744 13748
250 394
251 8972 13784
252 4335
253 755
254 5668 7656 10015 13799 13807 13818 13829
255 3668
256 1156 1592 13905 13906 13907 13908 13913
257 7258
258 3660 13922
259 13930
260 13935
261 785 13939 13942 13943 13953 13954 13957 13959
262 13962
263 6951
264 122
265 13966
266 13972
267 211 228 246 1075 1300 1530 2097 2606 2804 3373 4012 4532 5281 5450 6484 6697 7481 7753 8828 8916 9337 9933 10239 12930 13589 13984 13987 13990 13991 13996 14014 14034 14051 14052 14054 14055 14059 14065 14077
268 145 155 166 325 431 434 495 1102 1284 1406 1526 2178 2293 2579 2611 2709 2756 3631 3774 3900 4022 5230 5232 5278 5322 5350 5437 5505 5984 6078 6846 7297 9136 10003 10742 10744 11456 12548 12942 13500 14098 14101 14103 14121 14123 14130 14131 14158 14163 14165 14178 14243 14248
269 2956 2962 2963 14273
270 38 115 161 183 207 285 301 575 622 659 684 713 715 1058 1108 1417 1761 2096 2367 2491 2597 2856 3124 3337 3519 3851 3972 4007 4181 4501 5129 5456 5546 5551 6484 7176 7400 7434 7817 7917 8072 8450 9281 9663 10790 10998 12989 13115 13370 13515 14275 14278 14284 14295 14297 14303 14304 14308 14312 14326 14344 14346 14347 14366 14383 14386 14402 14408 14410
271 4349 14291
272 570 3919 3961
273
274 2928 14421 14422 14432
275 1446 1491 1725 1828 2040 3338 3487 5484 5807 9795 11723 14442 14443 14449 14452 14456
276 2490 4035 5983 8386 14032 14462 14463 14464
277 514 1641 1715
278 5365 13903 14497 14499
279 687
280 14501
281 5698 8918 10039 10045 10048 12472 14506
282 2404 8570 14512 14516 14517 14519 14544 14554 14557 14558 14561
283 3421 3441 3487 11722 11725 14569 14570 14571
284 14574
285 186 966 2255 3074 3961 4048 4743 5546 14582 14585 14586 14590 14591 14592
286 9662
287 3906 8076
288 14597
289 5871 7594 14376 14617 14625
290 14646
291
292 7627 14656
293 8859
294 163
295 10552 11006 14757 14760
296 2592 14770
297 8000 11166 13163 13595 14665
298 14701
299 2695
300 2324 7906 13385
301 2608
302 210 3873
303 2607 2613
304 3683 4854 14783
305 2725 2728 3061 10638 14656 14784 14785 14786 14795 14796
306 394 13109 14809 14816
307 1877 5745
308 8199 14825
309
310 3812
311 4070
312 2737 2747 3035 9088 9620 14831 14832 14833 14835
313 9410 14703
314
315 6325 10234
316 284 289 329 375 382 738 782 1003 1262 1406 2462 2717 3056 3346 3896 4080 4181 4903 4904 5810 6392 6393 8198 8866 10793 11071 12124 13163 13747 14410 14866 14868 14870 14873 14880 14883 14884 14886 14892 14901 14908 14912 14918 14926
317 14260 14934
318 3926 8073
319 14589
320 910 3900 5129 5333 5857 7679 13475 14947 14950 14966 14967 14970
321 757 926 980 1420 1422 1499 3323 5404 6187 8798 8977 9040 9058 13160 13657 14995 14999 15001 15047 15059 15095 15100 15135 15136 15160 15200 15213
322 755 1365 4693 10054 15253
323 1260 4680 9991 15274
324 15295 15296 15300
325 737 1311 1767 2608 2780 4006 4302 7356 9673 13526 15312 15315 15331 15332 15337 15342
326 19 108 109 110 122 134 169 173 178 246 261 263 279 301 344 365 370 382 394 615 619 624 645 659 690 732 745 747 757 768 770 784 806 819 826 853 870 871 875 889 892 902 909 922 927 944 965 972 979 1008 1011 1023 1029 1099 1103 1110 1152 1156 1303 1314 1362 1378 1380 1406 1407 1412 1451 1529 1568 1592 1598 1627 1766 1828 1877 1925 1954 2002 2014 2032 2060 2138 2171 2205 2222 2233 2238 2357 2375 2411 2418 2429 2443 2473 2489 2515 2535 2540 2578 2628 2629 2657 2658 2680 2702 2708 2723 2729 2754 2757 2758 2765 2766 2788 2804 2829 2834 2881 2944 2979 2984 3036 3044 3068 3103 3143 3156 3183 3211 3238 3241 3245 3248 3255 3323 3350 3384 3419 3510 3531 3542 3559 3596 3606 3621 3631 3668 3712 3726 3738 3824 3841 3876 3967 3976 4007 4014 4018 4040 4054 4077 4155 4174 4196 4218 4291 4328 4392 4425 4476 4490 4498 4549 4598 4698 4776 4792 4850 4855 5001 5005 5006 5050 5073 5105 5145 5186 5190 5215 5218 5260 5311 5322 5327 5329 5362 5382 5394 5409 5415 5426 5432 5434 5448 5450 5456 5457 5462 5522 5599 5613 5655 5671 5732 5748 5769 5774 5789 5810 5816 5835 5893 5898 5961 5978 6023 6024 6033 6051 6327 6333 6356 6367 6423 6470 6538 6547 6582 6593 6611 6619 6805 6863 6885 6932 6935 6937 6972 7126 7133 7178 7218 7290 7299 7309 7323 7332 7336 7358 7370 7373 7375 7384 7412 7435 7589 7597 7622 7646 7653 7668 7757 7813 7878 7931 8174 8190 8225 8230 8291 8400 8413 8445 8504 8598 8649 8733 8949 8952 8970 8978 8992 9009 9011 9019 9041 9104 9219 9232 9235 9247 9442 9534 9575 9607 9723 9757 9787 9929 9972 10032 10040 10088 10311 10361 10478 10504 10551 10626 10762 10764 10825 10929 10947 10956 10972 10999 11046 11141 11301 11463 11565 11716 11761 11891 12058 12194 12224 12226 12329 12356 12367 12473 12706 12731 12767 12797 12831 12905 13079 13095 13151 13164 13219 13317 13338 13480 13511 13526 13529 13537 13542 13544 13546 13558 13581 13626 13630 13695 13707 13710 13777 13809 13810 13856 13861 13868 13897 13908 13991 14065 14127 14467 14616 14624 14909 14931 15004 15005 15011 15013 15037 15048 15079 15094 15111 15124 15164 15175 15209 15216 15218 15233 15234 15335 15343 15346 15350 15351 15352 15354 15361 15388 15410 15411 15422 15430 15432 15435 15436 15439 15458 15459 15469 15496 15506 15507 15511 15513 15545 15548 15550 15558 15559 15561 15565 15566 15567 15568 15580 15584 15585 15587 15589 15591 15614 15629 15630 15663 15680 15684 15739 15740 15741 15743 15745 15746 15747 15748 15763 15767 15768 15770 15784 15789 15791 15805 15826 15829 15879 15882 15885 15886 15897 15901 15902 15906 15924 15925 15932 15934 15938 15944 15945 15949 15953 15984 16000 16034 16040 16043 16044 16049 16059 16082 16096 16136 16140 16145 16159 16175 16176 16177 16178 16179 16184 16188 16214 16222 16224 16225 16228 16229 16234 16249 16255 16259 16261 16262 16263 16268 16284 16305 16324 16334 16350 16351 16360 16361 16367 16389 16391 16399 16401 16404 16415 16416 16421 16431 16467 16471 16472 16476 16499 16502 16508 16530 16532 16534 16537 16542 16557 16561 16575 16578 16579 16580 16594 16616 16621 16623 16626 16628 16632 16640 16642 16650 16655 16681 16694 16695 16702 16724 16728 16763 16767 16774 16775 16776 16778 16781 16783 16786 16813 16821 16848 16896 16898 16901 16918 16920 16922 16948 16960 16986 16991 16993 16995 16998 17019 17023 17045 17090 17098 17104 17121 17135 17136 17137 17139 17141 17150 17151 17158 17159 17160 17162 17163 17166 17167 17200 17201
327 5211 14706
328 14719
329 12900 17210
330 10617 17218 17220
331 98 8852 12017 15001 17223
332 12510
333 8475 17231
334 10744
335 579 2705 4378 7056 10601 11694 13083 17237 17238 17239 17240 17241 17242 17243 17244
336 2837 5266 5300 5950 9375 14422 17248 17259 17270 17275 17282 17283 17284 17286 17288
337 13116
338 2474
339 638 647
340 1895 17313
341 443 725
342 1172 6236
343 30 40 3663 3695 5899 5905
344 11535
345 6 263 11990 15382 17338
346 12583
347 1504 6618
348 15385
349 394
350 17350
351 338
352 14958
353 394 17362
354 9977 17369
355 6843
356 4050
357 1581 1852 6427 7855 9301 10492 10505 10834 17397 17398 17399 17405 17406 17407 17409 17417 17419
358 136 397 1001 2569 4030 7622 8915 10017 13511 13848 17442 17444 17477
359 3155
360 12539 17511 17513
361 18 105 108 122 143 173 178 198 204 257 261 301 324 326 329 342 344 376 459 475 495 517 535 641 727 757 806 821 822 846 849 853 867 893 894 896 898 905 945 1013 1027 1041 1080 1194 1220 1235 1285 1451 1467 1472 1480 1577 1626 1640 1643 1721 1753 1759 1765 2113 2191 2215 2222 2233 2250 2280 2286 2367 2390 2410 2440 2507 2533 2542 2562 2726 2765 2773 3033 3083 3135 3156 3263 3360 3432 3460 3576 3597 3647 3682 3687 3768 3841 3861 3866 3878 3892 3924 3974 3985 4133 4196 4232 4233 4245 4270 4350 4433 4532 4541 4607 4611 4621 4644 4674 4698 4723 4730 4751 4843 4971 5001 5005 5013 5241 5252 5278 5314 5363 5370 5384 5432 5494 5832 5882 6179 6378 6445 6466 6477 6551 6577 6799 6956 6967 6979 6980 6983 7054 7151 7171 7172 7180 7192 7289 7350 7494 7605 7647 7678 7682 7931 7943 8020 8100 8189 8246 8471 8478 8662 8710 9009 9662 9812 9867 10054 10470 10532 10756 10825 10830 10981 11395 11456 11492 11591 11850 12052 12212 12346 12645 12679 12693 12705 12801 12930 13085 13165 13346 13357 13457 13478 13486 13556 13608 13641 13643 13664 13692 13710 13848 14059 14095 14138 14265 14494 14542 14705 14906 14934 15057 15072 15079 15085 15159 15170 15241 15354 15373 15654 15670 15787 15856 15872 15879 15892 15915 16101 16184 16238 16261 16281 16292 16401 16478 16488 16581 16686 16785 16849 16850 16887 16910 16929 17021 17084 17154 17365 17517 17519 17521 17531 17556 17557 17562 17579 17580 17581 17592 17605 17606 17607 17608 17609 17610 17612 17617 17632 17635 17636 17652 17654 17666 17670 17673 17674 17677 17678 17685 17697 17706 17714 17717 17720 17730 17732 17737 17746 17761 17769 17772 17779 17789 17790 17791 17802 17810 17813 17826 17833 17841 17844 17846 17856 17857 17859 17860 17862 17878 17893 17895 17900 17921 17922 17927 17932 17953 17954 17955 17987 17989 17993 18000 18003 18019 18020 18022 18026 18029 18030 18032 18033 18042 18055 18056 18057 18059 18060 18064 18072 18074 18076 18088 18090 18100 18133 18138 18139 18148 18149 18158 18159 18162 18163 18208 18210 18224 18229 18230 18247 18252 18255 18256
362 4329 18262
363 4109 9791 18268 18269
364 4000
365 252 264 2592 3818 5239 5246 5251 5253 5258 6307 6319 6323 12239 16331 18277 18279
366 14085 16532 18283 18286
367 6669
368 346
369 17137
370 596 2097 4880
371
372 4290
373 11149 12158 18301 18302 18303 18304 18305 18307
374 4007
375 1818
376 18311
377 7267 18315
378 1245
379 5216 8071
380 2891 3790 5267 7177 8571 9588 10621 11394 14656 15439 17291 18323 18326 18327
381 4045 4055
382 3177 4057 6170 15860 18334 18335 18338
383 1077 11472 13742 13987 15316 18342 18343 18344 18345 18350 18351 18353 18357 18360 18361 18364 18366
384
385 864 3139
386 7185 10799 15380 16325 18378
387 17204
388 10711
389 9227 13284 18390 18391
390 14168
391
392 1469 3764 8358
393 8446 14182 15681
394 4009
395 4110 18414
396 3055 3506 7007 10495 18430 18450 18456 18470 18471 18472 18473 18475 18477 18481 18486
397 17529
398 70 2704
399 9523
400 2824 2825 16997 18510 18511 18513 18518
401 1372 2585 4951 5656 9737 9763 10069 18529 18530 18531 18532 18533 18534 18535 18536 18537 18538 18539 18540 18541 18542 18543 18544 18545 18547 18548 18549 18550 18552 18553 18554 18556
402 8076
403 4075 4444
404 7711
405 355 5817
406 2094 4514 6861 8879 18125 18572
407 198 292 3988 10799 15414 18577 18585
408 1115 4584 14244 18597 18608
409
410 8597 18624
411 3331 18625
412 5211
413 14220
414 14212 18626
415 3405 13513
416 737 755 1767
417 10089
418 9026 9305
419 3331 4158 14991
420 5433
421
422 73 122 143 9245 18641
423
424 9220
425 4092
426 3083
427 2858 3406
428 14205 14208 14226
429 268 3591
430 10798 18655
431 7473
432
433 2088 4429 14753 18659 18660 18673 18674 18676 18689
434 27 314 324 689 853 927 965 1120 1275 1285 1314 2569 3298 3536 4116 4549 5246 5363 5546 5823 6317 6350 6572 7208 8528 9237 9477 9765 11032 11045 11271 12987 13370 13718 13915 15692 17435 17620 18727 18773 18894 18896 18897 18899 18906 18914 18922 18938 18940 18949 19025 19048 19155
435 1592 4002 8388 10101 17978 19157 19158 19159
436 19 90 140 167 268 279 321 326 443 570 702 726 729 755 783 847 870 876 943 955 965 970 1031 1095 1102 1118 1347 1408 1436 1454 1456 1549 1554 1593 1617 1696 1758 1766 1778 1974 1997 2013 2165 2188 2296 2314 2390 2548 2569 2624 2651 2715 2729 2734 2773 2782 2826 2843 2906 2955 3027 3119 3151 3276 3302 3664 3665 3668 3769 3814 3878 3967 3999 4042 4181 4249 4270 4430 4441 4640 4850 5269 5322 5375 5382 5386 5389 5431 5594 5620 5634 5640 5708 5732 5810 5897 5961 6044 6322 6978 7024 7126 7176 7221 7241 7297 7304 7443 7492 7519 7755 7763 7785 7915 8020 8198 8250 8285 8452 8881 9275 9288 9620 9628 10239 10433 10749 10796 10945 10958 10997 10999 11027 11107 11167 11761 11979 12616 12703 12785 12846 13063 13115 13153 13464 13518 13694 13794 13887 14342 14437 14541 14662 14698 14775 15227 15500 15534 15536 15728 15749 15770 15902 16564 16853 16960 17447 17476 17515 17531 17534 17578 17730 17737 17981 18118 18557 18806 18974 19164 19165 19167 19170 19176 19183 19213 19220 19232 19234 19235 19238 19269 19271 19275 19280 19292 19304 19307 19308 19316 19331 19335 19336 19342 19344 19347 19379 19390 19393 19396 19401 19402 19403 19405 19455 19457 19458 19459 19463 19470
437 380 2719 6077 13150 13160 13166 13172 13206 19477 19479 19500
438 394 19508
439 14974
440 2643
441 13550 13901
442 313 337 341 12846 19547
443 12966
444 15649 16302 19550
445 9620
446
447 19559
448 12027
449 14260
450 7990
451 19208
452 268
453 12497 12502
454 13928
455 6309 11468
456 6682
457 14825
458 360
459 14403
460 81 164 198 352 847 923 1061 1140 1252 1378 1422 1456 1753 2271 2347 2579 2635 2649 2654 2755 2757 2764 2767 2808 3864 4007 4549 5735 6986 7073 7297 7492 7583 11086 11663 13188 15525 15547 16292 16978 17520 18729 19346 19353 19628 19651 19657 19658 19672 19673 19674 19675 19676 19739 19742 19751
461 136 277 298 349 702 748 841 896 942 1379 1459 1625 2049 2138 2295 2490 2491 2761 2792 2904 3108 3161 3195 3247 3531 3612 3651 3769 3864 3903 4007 4022 4181 4344 5162 5319 5322 5327 5565 5642 6802 6851 7054 7291 7296 7318 7475 8694 8874 8941 9377 9410 9628 9632 9776 9817 10044 10093 10741 11151 11318 11906 12359 12372 12823 13014 13085 13162 13643 13753 13926 14208 14461 14581 14698 15524 15681 15726 15987 16742 16986 17130 17638 18056 18068 18477 18720 18740 18774 19195 19259 19271 19785 19786 19792 19844 19856 19899 19902 19903 19927 19930 19935 19937 19946 19982 19986 19998 20006 20008 20012 20017 20019 20056 20058 20060
462 4148 4249 7890
463 665 896 1048 1163 2339 2384 2581 2713 2719 2768 2788 2789 3323 3594 3621 3628 3854 4036 4174 4363 4536 4825 5362 6078 6423 6484 7180 7286 7309 7382 7463 8156 8885 9085 10194 11083 11305 11320 12401 12810 12978 13118 13512 13781 15342 15635 15657 16317 17448 17553 19477 19479 19500 19505 20095 20120 20147
464 20187 20188
465 1325 4182 12617
466 729
467 7755 16298 19235
468 329 1099 1115 1919 3388 3533 3652 4658 4691 4843 6192 10773 17520 17866 20196 20203 20205 20209
469 19675
470 4179 4192 19244
471 7031 10657
472 394 5615 6618 7137 8243 12119 12126 12534 12569 12922 16748 20231 20233 20234 20236 20239 20241 20242 20244 20249 20251
473 18705
474 4191
475 11227 13039 13043 18911 19612 20256
476 394 12019
477 1765 5939 9660 14786 15422
478 3490
479 19214
480 10471
481 19215 20270
482 1001
483 1201 1496 7763 17673 20276 20277 20279 20280 20281 20286 20287
484 19599 19606 19607 20293
485 810
486 20304
487 2533 14352 20307
488 7312
489 19615
490 268 951
491 920
492 19618
493 5647
494 7520 12644
495 1425 6581 15567 19594
496 19632
497 1217
498 798
499 724
500 13314
501 394 3341 12468 20351
502 17135
503 570 4763 12705 14983 18572 20356 20358
504
505 847 1451 2569 5300 5306
506 13498 13500
507 6974
508 671 20376
509 19629 19638
510 1115 1455 17517 20390
511 10267 10436 12721 12747 15527 15814 16080 16082 17171 19747 20391 20406
512 3113
513 117 1242 1259 13203 20415
514 20416
515 15400
516 394
517 18061
518 2782
519 18325
520 7552 19263
521 3593 11478 20434
522 12522 12569 19242 20445
523 1480
524 2628 20460
525 4179 11212
526 11296 11320
527 19726
528 15575 19690 19698
529 4100 17445
530 16551
531 542 1796 2690 9357 16262 20471 20473 20475 20479 20484 20485 20491
532 9618 20496
533 9348 9579 13264
534 6197
535 20511
536 5735
537 19626
538 12604
539 15387 16281 19702
540 1939 1958 1961 12815
541 14095 20527
542
543 10383
544 20531 20535 20538
545 2784
546
547 18739 19706
548 19701
549 2103 7906 20309
550 20563
551 10982 17449
552 19770 19776
553
554 1796
555 1303
556 10435
557 5533
558 18728 20403 20582
559
560 46 105 324 542 659 801 814 857 892 896 965 1027 1210 1386 1796 2065 2293 2779 2785 2797 2819 2875 2891 3037 3080 3628 3668 4181 5265 5397 5535 5565 6805 6932 7142 7203 7353 7427 8091 8554 9507 9579 10523 10608 10982 11301 11377 11547 12607 13336 13438 13527 13608 14329 14409 15641 16048 16635 16759 17841 18028 18235 19308 19585 19761 20137 20388 20590 20592 20593 20594 20596 20597 20598 20605 20608 20618 20619 20628 20635 20636 20641 20655
561 3433
562 143 1099 1402 6657 8234 8247 20668
563 20671 20672
564 14760 20675
565 7952
566 3045
567 1467 12616
568 14781
569 7284 19880 20682 20683
570 11394 19890
571 19894
572 16606
573 14538
574 1504
575 6876 20696
576 4609
577 14276 14292
578 2660
579 19897
580 15381
581 6071 12287 20735 20737 20738
582 13824
583 10420 12631
584 10507
585 19878
586 1760
587 1775 6024
588 19051 20820 20837
589 11774
590 158 444 524 689 740 798 830 868 871 880 889 905 909 927 970 972 1230 1386 1451 1625 1772 1799 2222 2325 2597 2704 2767 3323 3668 3866 3934 4007 4144 4344 4836 5144 5163 5278 5494 5643 6170 6370 6501 6847 6948 6956 6976 6983 7340 7590 7663 7753 8961 8978 9672 9855 10819 11287 11630 11826 11916 12225 12770 12969 12978 13103 13290 13743 13763 13824 13844 15563 16079 16560 16915 17511 18086 18118 19332 19991 21030 21060 21062 21074 21080 21089 21092 21093 21120 21122 21129 21134 21137 21157 21159 21161 21162 21176 21191 21200 21206 21207 21224 21275 21295 21298
591 2660
592 8166
593 10869
594 14698
595 21318
596 9896
597 15273
598 9421 12817
599 7990 19414
600 13540
601 10692
602 1904 21020 21027
603 5389
604 2865 21325
605 15432
606 6423
607 17141
608 4007
609 324 975 1511 1640 3178 3371 4290 4361 4842 5670 6555 6887 7270 7635 8241 8337 8342 8390 9661 10625 10962 13522 16144 17584 19424 21358
610 13747
611 8126
612 21065
613 373 505 3408 7185 19688 20316 20319 21391 21392 21393 21394 21395 21397
614 21400 21403
615 147 372 1087 1156 3692 6673 8553
616 31 829 1759 4682 4996 5518 6294 6988 9327 11221 15281 19038 19411 21323 21410 21412 21413 21414 21415 21416 21417 21419 21420 21427 21429 21435 21437 21441 21443 21444
617 21447
618 13069
619 394 12460 21231 21284 21453
620 660 901 1386 2133 3124 4580 4583 4804 4899 4973 7678 8088 8235 8241 14333 21458 21462 21463 21468 21471 21473 21474 21476 21477 21479 21482
621 2815 12158 17275
622 10611
623 10052
624 15366
625 17153
626 4559
627 1439
628 21491
629 862 1146
630 9813
631 2105
632 722 5754 17216 21508
633 4232 4244 21509
634 2976 11605 13651 13976 13977 13980 21514 21515 21516 21517 21519 21520 21522 21528 21529
635 4234 7473
636 14264
637 4317 9320 9495
638 2997
639
640 123 4275 9292 14945
641 16531
642 782 21058
643 21580
644 19365
645 15727
646 892
647 3592
648 21528
649 1048
650 3487
651 6356 7476 9522 21621
652 1839 10231
653 4615 11087
654 3317 21639
655 1592 1837 2876 3045 7279 9065 18730
656 21641
657 4409
658 864
659 1248 4002
660 2969
661 3033
662 21648
663 6484 15738
664 2246 3646 8148 9000 21654
665 402 21655 21658
666 4277 10486
667 2834 21691
668 226 301 735 1009 1101 1554 2444 2569 2728 4056 4181 5344 6074 6808 6912 7322 7668 8062 11301 13069 15100 16902 18300 19996 21695 21698 21708 21715 21727
669 17652 21737
670 6501
671 4947
672 21743
673 11032 13414
674 19360
675 15979
676 3256
677 12616
678
679 5680
680 4336
681 4944 8057 19373
682 2510 5206 5437 14914 21757 21761 21767 21768 21769
683 2838
684
685 1152 1219 3517 8166 13917 15560 19406 21781 21782
686 2184
687 5901 16624 21784
688 271 331 382 610 847 889 1027 1140 1559 1766 2007 2060 2657 2755 2833 3404 3542 3856 3904 4007 4077 4533 4850 4986 5302 5321 5322 5335 5714 6085 6333 6400 6585 7134 7674 8185 8932 10538 10805 10956 11242 13417 13727 13837 13899 15242 15748 16617 17484 17652 18022 18148 18225 18806 19125 20056 20083 21205 21737 21787 21808 21812 21816 21826 21828 21829 21844 21845 21860 21861 21864 21865 21868 21869 21876 21886 21890 21892 21893 21895 21900
689 1339 6474 21907
690 13313 21913
691 254 324 394 757 768 794 851 870 881 898 1156 1406 2233 2484 2569 3015 3043 3056 3063 3216 3307 3525 3651 3683 3850 3901 3943 4033 4344 4425 5005 5382 5489 5551 5708 5810 5925 7174 7188 7291 7313 7314 7348 7629 8225 8249 8285 8564 8958 8981 8987 9009 9235 9322 9974 10032 10079 10575 10944 11059 13065 13284 13903 13915 14329 14484 14581 15431 15614 15689 16172 16184 16403 16772 16991 17707 19426 19916 20615 20775 21215 21845 21918 21919 21924 21932 21947 21954 21955 21966 21981 21983 21984 21988 21996 22002 22006
692 17397 22012 22014 22016 22017
693 738 1132 1339 1775 8077 10352 18488 22020 22024
694 9838 12348 21790 22026 22028
695 14850
696 394 928 1156 1766 3052 3349 4316 5251 5457 5579 6560 6585 9997 10763 13626 13683 13824 13842 15044 15833 16334 17736 22043 22048 22059 22064 22079 22089 22110 22116 22165 22172 22174
697 5261 9046 9533 20293 22186
698 5699
699 11213
700 16726
701 17056
702 1225 1804 1826 1973 10264 15542 15782 15909 17180 22203 22204 22207 22211
703 16267 19129 22226
704 760
705 3135 11500
706 7690
707 22244 22245 22247 22250
708 134
709 394
710 22278 22279
711 134 279 352 459 570 738 747 749 754 814 825 830 870 900 962 989 994 1002 1011 1017 1027 1208 1578 1588 1837 1852 1977 2120 2137 2237 2262 2280 2400 2518 2663 2765 2767 2975 3058 3119 3139 3265 3323 3513 3542 3629 3720 3945 3956 4007 4077 4174 4289 4425 4449 4944 5165 5228 5281 5390 5494 5504 5696 5909 6044 6474 6658 6901 6953 7354 7895 7910 8089 8091 8155 8989 9932 9939 10742 10802 10958 11017 11021 11148 11196 11254 11440 12057 12068 12093 12172 12404 12778 13210 13614 13767 13848 14485 14546 14835 15018 15211 15212 15227 15239 15244 15433 15545 15760 15969 16172 16612 16734 16898 17150 17169 17183 17506 19120 19356 19579 20501 21222 22055 22242 22291 22292 22302 22307 22308 22309 22312 22313 22315 22331 22340 22400 22401 22410 22411 22418 22458 22464 22484 22524 22529 22536
712 11908 12116 12127 19730 22540 22544 22547
713 1079
714 126 22552
715 16360 22558
716 1434 16006 22570
717 98 3793
718 22572
719 12790 17362 22574
720
721 373 500 7185 10799 21395
722 18751
723 19988
724 22595 22598 22599 22600
725 373 500
726 14478 16459
727 1406 3313
728 4620
729 394 12460
730 10561 18033
731 297 394 6973 8190 15997
732 1694 4862
733 22613 22615
734 10870
735 394 1504 12528 12578
736 120 3115 4325 5797 6297 6988 9305 12100 18638 20000 21416 21491 22190 22624 22625 22629 22636 22638 22640 22641 22647 22648 22652 22655 22657
737 11317 11864 22662
738 4451 12496 12498 12499 12500 12509 12510 14192 14225 22663 22664 22665
739 6466 6481 8829
740 134 165 178 198 257 556 847 892 928 965 1099 1378 1659 1915 2261 2280 2494 2523 2957 2958 3542 3597 3827 3841 4040 4484 4836 4957 5457 5551 5810 5959 6328 6500 6577 6589 6805 6918 6967 8614 8778 8888 8895 9607 9759 10722 12400 12769 12930 13026 13249 13565 13949 14564 14911 15181 15238 15240 15350 15728 16083 16092 16200 16545 16863 17169 17627 17673 18777 18820 19151 19468 19805 19845 20092 22533 22667 22669 22673 22674 22675 22676 22680 22685 22688 22689 22690 22695 22697 22699 22700 22702 22703 22704 22705 22706 22707 22708 22716 22722 22723 22725 22727 22728 22730 22732
741 446
742 13825 15530
743 15861 22751
744 13 52 66 70 109 116 123 134 268 277 312 394 459 524 757 798 847 853 872 890 896 909 912 916 965 1009 1026 1130 1156 1189 1218 1238 1329 1348 1354 1474 1548 1578 1631 1638 1922 1967 2065 2073 2081 2112 2113 2233 2260 2267 2293 2408 2433 2658 2713 2811 2833 2856 3006 3035 3081 3102 3126 3139 3250 3477 3512 3518 3533 3606 3651 3793 3826 3866 3877 3976 3998 4022 4030 4050 4056 4144 4156 4211 4316 4430 4611 4676 4755 4794 4800 4805 4828 4843 4850 5001 5005 5013 5109 5219 5300 5327 5494 5507 5551 5592 5691 5762 5782 5931 6005 6075 6085 6321 6438 6458 6478 6496 6577 6581 6604 6623 6624 6628 6664 6727 6786 6843 6960 7152 7171 7175 7182 7324 7361 7662 7691 7736 7777 7789 7791 7800 7804 7828 7931 8087 8234 8355 8528 8778 8863 9011 9014 9021 9457 9531 9686 9909 9939 10096 10108 10482 10486 10549 10760 10761 10763 10783 10784 10800 10832 10965 11001 11017 11075 11082 11219 11230 11254 11559 11635 11718 11876 11925 12543 12767 12953 13392 13559 13631 13642 13645 13647 13673 13699 13767 13822 13861 14265 14329 14664 15026 15036 15075 15086 15099 15107 15115 15117 15131 15139 15178 15232 15353 15376 15398 15439 15633 15847 15854 15865 15924 15936 15942 15989 16003 16120 16172 16187 16326 16456 16568 16693 16759 16897 16958 17166 17607 17660 17662 17715 17740 17748 17772 17784 17890 18076 18773 18780 18850 18852 18857 18869 18891 18892 18916 18940 18952 18977 19074 20038 20147 20590 20629 21050 21087 21539 21612 21790 21874 22109 22160 22428 22526 22624 22689 22755 22756 22761 22765 22780 22785 22789 22800 22801 22804 22805 22811 22813 22814 22822 22823 22824 22826 22830 22833 22839 22842 22843 22868 22871 22896 22914 22916 22918 22932 22933 22934 22935 22942 22943 22944 22946 22954 22958 22959 22970 22971 22972 22973 22974 22978 22986 22988 22995 22997 23005 23012 23013 23032 23033 23053 23101 23102 23103 23105 23107 23142 23146 23150 23177 23187 23188 23190 23206 23207 23210 23213 23217
745 1919 4880 6863 17170 20204 21790 22944 23230 23232
746 3106
747 3857 23244
748 134 331 394 896 1156 1506 2835 6599 9141 9944 13168 16008 16248 17666 23252 23268 23269 23271
749 394
750 8389 12365
751 7897 23277
752 284
753 23280 23281 23282
754 481 729 1009 1577 3597 4609 4881 5932 9776 13555 15129 18891 18892 20167 23379
755 23412
756 2375 23413 23415 23416 23417
757 3629
758 2504
759 23419 23421 23423 23432
760 2379 16360 19258 22068 23435 23436 23437 23439
761 7186 14092 23300 23441 23443
762 5384 6933
763 4680 11804
764 1287
765 301
766 1248 2966
767 4041 14574 18084 23449 23450
768 2809 3839 22068 23275 23305
769 1027
770 5711
771 5796 17167
772 23476
773 2545 20590
774 3549 23480
775 23481 23483
776 70 76 151 167 198 324 459 625 627 684 726 767 806 819 849 851 873 1002 1030 1242 1285 1287 1332 1368 1456 1606 1658 2108 2111 2139 2188 2384 2419 2468 2473 2511 2589 2626 2651 2823 2992 3143 3307 3360 3666 3898 3976 3982 4077 4208 4233 4538 4657 4850 4957 5001 5005 5132 5288 5397 5423 5494 5551 5594 5646 5792 6184 6215 6465 6581 6846 6863 6888 7282 7299 7510 7659 7764 7804 7888 8185 8244 8333 8394 8469 8614 8783 9055 9237 9275 9277 9982 10077 10354 10374 10485 10751 10759 10882 11293 11318 11564 12785 12822 12971 13108 13187 13195 13234 13592 13619 13764 13772 13820 13825 13848 13876 13915 14090 14467 15042 15097 15772 15855 15899 16087 16108 16188 16916 16964 17488 17607 17660 17690 18081 18139 18785 18824 18825 18826 18938 19031 19353 19626 21252 21423 21445 21834 22041 22046 22054 22056 22060 22428 22511 22552 22553 22701 22709 22717 22876 22928 23249 23299 23302 23307 23312 23341 23491 23504 23505 23507 23537 23540 23541 23546 23552 23559 23561 23567 23571 23573 23590 23595 23612 23616 23618 23620 23636 23642 23647 23662 23663 23666 23667 23674 23687 23694 23705 23707 23717 23718 23719 23721 23722 23723
777 13688
778 92 830 1009 2728 3305 6489 6565 9527 9858 9927 10832 12931 13562 23551 23742
779 10658 23803 23804 23809
780 1386 9565 23810
781 1388 2270 23811
782 1808 19843 23814 23815 23816
783 6913 20717 22101
784 18464
785 1339 4281 21815
786 2462 16694 23833 23834
787 23487
788 2871
789 17748
790
791 19632
792 15025
793 11854
794 7195
795 686 8241
796 9489 18315 18316 22644 23857 23858
797 15429
798 3879
799 3692 23865
800 23866 23867 23868
801 394 1504 6056 6618 12522 12526 20317 20322 21113 23780 23869 23871 23872 23873 23875 23878 23879 23880 23881 23883 23884
802 2529 5835 10870 18783 23887 23890
803 324
804 2001 3201 7036 9656 12851 13866 23892 23893
805 725 2525 8953 10742 15227
806 1099
807 7400 23912
808 20105
809 5656
810 18946 23939
811 2891 8672 20432 23948 23950 23951 23952
812 394 6618
813 18950 23953
814 1001 3888
815 6805 17454 22009 23764
816 7378
817 853 2154 8034
818 1504 12469
819 19227 22867
820 1288
821 6075
822 2523 7755
823 394 6618 12255
824 93 1380 8504 23977
825 2452
826 23982
827 660 686 689 3124 8241 11039 11045 23760 23986 23987
828 570 3961 5238
829 23993
830 23995
831 7117
832 21051
833 5463
834 1152 5971 24000 24001 24003
835 394 6618
836 24005
837 3477
838 1546 24017
839 5496 7194 11605 13846 16824 24019
840 178
841
842 7789
843 16569
844 4563
845 2903 10589 12539 24027
846 459 18176
847 22426
848 969 10824
849 3045 14656 24043 24045
850 14579 24046
851 4896 23529
852 2518 8126 8158 11099 23655 24053 24054 24057 24065 24072
853 3615
854 4155 5144 16281
855 12525
856 16301
857 12332 13734 23563 24084 24085 24086 24087 24092 24093
858 134 5901 7744 12017 12262 12534 18072 20270 23025 24096 24097 24098 24099 24101 24102 24103 24104 24106 24107 24108 24109
859 13147
860 23799
861 2523 11463
862 394 8190 12018 12022 12525 12535 12569 22184 24124 24127 24128 24129 24130
863 1504 12018 12528 12530 20354 23780 24134 24135
864 6981
865 1067 12273 13841
866 4286
867 7172 23775 24149
868 17816 21963 24155 24156 24159 24162
869
870 12726 14473 14474 15893 16118 16123 16801 17977
871 10043
872 3049 4188
873 5001
874 6201
875 4638 24084
876 7672 24186 24188 24191
877 3465 5781 10844 10919 14819 15479 15593 15598 15622 15659 15782 15783 15916 17642 22820
878 24194 24198
879 6185 24212 24214
880 11576 15315 16027 24218 24221
881 1156 18807
882 1339 3407 24227
883
884 2014 21128
885 8318 15146 24242
886 8793 17646
887 4751
888 1504 15044 19632
889 136 729 2351 5190 12487 16864 24255 24258
890 493 1115 11945 16981
891 15031 16669 24262
892 8002
893 8337
894 857 1927 1966 2540 3647 5239 13317 15093 16404 23758 24280 24281
895 2138 4621 5631 9989 11660 12347 16756 17522 17632 18823 24289 24290 24291 24292 24293 24294 24295
896 6496 24096 24298
897 208 772 847 1238 3619 4398 5001 6178 7482 10074 10427 13767 14255 15324 15589 16071 16129 16437 16865 17983 18761 18799 18818 18836 21959 22060 24306 24319 24351
898 3866
899 20744 24358 24359 24360
900 3312 7227 10870
901 7135
902 23719
903 7500 23565 24372
904 23702
905 22789
906 208 1066 1168 1927 2322 2518 2691 3876 4646 4709 5931 6843 9432 11378 16695 18697 22072 22492 24337 24388 24394
907 19706 20654
908 4163 15031
909 9314 16757 16835
910 4181
911 24287
912 23544
913
914 9959
915 4120
916 8609 8629 12166 12945 17159 17203
917 24415
918 10190
919 24421 24424
920 10656 14656 24336
921 1020 2158 6565 11620 15051 24429 24430
922 13551 24431
923 1504 12527 12528 12578
924 5266 9966 11401 13423 17245 22338 24436 24437 24438 24439 24440 24441 24442 24443 24445
925 19841
926 1063 5290
927 20832 20836 24454
928 24482 24483
929 8055 24489
930 10999
931 2214
932 13074
933 23570 24494
934 848
935 806
936 7343 24496
937 394 8190 12254 12569 15650 22184
938 13851 22166 22170 23116
939 5504
940 136 459 475 619 665 755 757 807 853 951 1120 1220 2233 2280 2384 2586 2729 2767 2891 3646 3946 3975 4012 4018 4425 4536 4567 4751 4783 4850 5001 5596 5631 5874 5893 6213 6500 6581 6954 6967 7150 7386 7472 7557 7658 7661 8247 8500 8695 8804 8890 9024 9081 9094 9235 9251 9522 9620 9995 10074 10474 10788 10825 10978 11136 11463 12325 12473 12748 12810 12823 13065 13310 13414 13507 13555 13616 13707 13710 13833 13853 14163 15058 15071 15099 15123 15159 15385 16000 16236 16280 16433 16695 17616 18761 18859 18866 18878 18880 18893 18919 18934 18936 18937 18943 20196 20584 21444 21851 21956 22545 22895 23063 23588 23887 24393 24504 24511 24533 24535 24544 24552 24554 24580 24583 24632 24633 24637 24654 24661 24669 24670 24672 24673 24676 24678 24683 24687 24689 24690 24693 24699 24702 24704 24713 24715 24734 24735 24739
941 254 819 871 1196 1370 3156 3621 3668 3816 4995 5239 6462 6484 6860 7126 7282 8069 8477 8932 10978 11479 12794 13569 13672 13794 15004 15005 15058 15060 15320 16043 16049 16120 16156 17786 17903 18823 18834 22099 22864 24353 24757 24758 24760 24767 24773 24781
942 847 1101 2107 2569 3161 4007 4180 5867 7622 10751 13521 13849 16745 17135 17805 17975 22533 24787 24791 24798 24818 24825
943 24830
944 13310
945 2977
946 1504 6618 7286 12256 12259 12265 12531 12573 17142 23325 24498
947 24835
948 7864 18521 24836
949
950 4280
951 143 301 689 737 1146 1242 1499 1672 2678 2695 3015 3124 5351 5924 6044 6125 7470 7659 8530 9332 9351 9754 9906 10083 10096 11556 13042 13487 13626 13657 14136 14564 14698 14883 15139 16100 16553 17625 17652 18049 18871 18881 20092 20474 21142 22099 22124 22835 23174 24347 24553 24842 24844 24847 24853 24855 24858 24859 24862 24864 24865 24869 24872
952 64 806 830 1927 9235 10070 10565
953 1184 4593 15104 22192 24895
954 12535
955 13848
956 4707
957 9276
958 394
959 178 4566 24568
960 15123 24906
961 7338 16144 24912
962 9666 10897 13593 18819
963 24916 24920
964 1031 5459 9285 11373 12195 23479 24921
965 6374
966 12746 16450 24924 24929 24930 24937
967 16758 19605 24942 24943 24944 24945 24946 24949 24954 24959 24960 24961 24962 24963 24964 24965
968 4392 16085 24974
969 889 1974 2052
970 9212
971 806 892 2222 2269 3548 4359 4521 4653 4843 5005 5494 5751 5797 6863 7472 8488 9180 9932 10007 10373 10772 11345 11577 12100 12616 13601 15059 15064 15086 15851 16188 16200 16232 16820 18204 18846 18850 18853 22084 22089 22370 24698 24994 24995 24999 25001 25011 25012
972 23576
973 9291
974 1027
975 11031 23986
976 25014
977 25015
978 18391
979 1027 4553
980 11999
981 2335
982 21284 24124
983 25023
984 13193
985 20937 25037 25043 25060 25061
986 18236
987
988 3049
989 11514 12447
990 25128
991 11109 21191
992 4451 6197 9063 9066 22663 25131 25136 25138 25139 25140 25141 25142 25145 25147 25148
993 143 1011 1115 2569 11945 23448 23827
994 10763
995 24771
996 3664 22426 25159
997 15058
998 77
999 25086
1000 7194
1001 7622
1002
1003 5902 6977 8552 17464 25163
1004 23022
1005 25105
1006 3652 7378 11834 16176 19386 23357
1007 25168
1008
1009 23607
1010 7990 13586
1011 9168 12203 25172
1012 18118 25178
1013 5219
1014 6229 24571 25182
1015 15076
1016 2014
1017 25106
1018
1019 660 8241
1020 13727
1021 20275
1022
1023 3045 3558 7622 8958 25198 25200 25205 25208
1024 25210
1025 1463 7587 7588 25171
1026 110 173 228 277 524 619 641 786 857 956 1021 1647 2233 2410 2419 2808 3049 3052 3298 3827 4006 4129 4678 4690 4888 5003 5005 5009 5130 5611 6044 6085 6407 6479 6590 6703 6947 7189 7340 7398 8246 9279 9765 9897 10474 10487 10504 10511 10722 11075 11080 11083 11382 11838 12372 12690 13641 15316 15353 16051 16092 16157 16244 16948 16995 17797 17845 17887 18022 18328 19597 20374 20565 21741 22084 22124 22127 22128 22288 22937 22944 22991 23065 23728 24328 24478 24513 24672 25005 25155 25216 25217 25220 25250 25258 25274 25275 25276 25280 25297 25300 25305 25308 25309 25314 25316 25321 25324 25330 25344 25345 25351 25352 25353
1027
1028 5835 25376
1029 23798 24850 25377
1030 24575
1031
1032 23342
1033 524
1034 920 25380
1035 9034
1036 13864
1037 7682
1038 25359
1039 7657
1040 24568
1041 1209
1042 392 394 1504 11200 12022 12445 12460 12468 12525 12530 12532 12538 12569 12578 23780 25404 25405 25409 25410 25414 25415 25416 25417 25418
1043 60 23050
1044 16271 25429 25433
1045 25435
1046 2924 3298 3710 5144 7031 8746 14423 17275 17282 25436 25438
1047 3124 17579
1048
1049 18651 18844 18845
1050 4843
1051 25451
1052 18325 25456
1053 1085 24681 25457
1054 2833 12473 21955 24783 25235 25460 25461 25464
1055 7897 23278
1056 2589 5159 10940 18870 25469
1057 15058
1058
1059 22801
1060 4073 25471
1061 1392
1062 4426 10267 15983 16080
1063 20255 22546
1064 25529
1065 628 20179
1066 7236
1067 18869 19033 25536
1068 4989
1069 3583
1070 20643
1071 25552
1072 6496 25554
1073 1305
1074 16999 25556
1075 123 1118 6356 7476 25559
1076 123 3068 3575 16236 25159 25560
1077 16999
1078 7218
1079 25562
1080 4680
1081 16738
1082 25564
1083 6863 7003 7150 9458 12031 17746 25228 25476
1084
1085 25570
1086 1581 4280 22092
1087 3605 18620
1088 4650
1089 122 143 4188 5001 7669 25583
1090 10512
1091 1374 3068 3575 14945 25585
1092 18846 23141 25586 25587 25588
1093 25497
1094 15104
1095 11496
1096 12742 25591
1097 2837 11403 25593
1098 1042 15103
1099 1374 3068
1100 25264
1101 9251
1102 12621 19987
1103 25597
1104 1658 3664 5835 9028
1105 25601
1106 5754
1107 13994
1108 9541 25605
1109 23166
1110 20564
1111 2108
1112 1156 1626 16286 24744 25155
1113 269 301 394 475 685 757 768 830 898 1027 1623 2191 2293 2390 2511 2751 2765 3033 3055 3369 3371 3576 3866 3922 4300 4850 4893 5580 5693 6179 6400 6530 6548 6572 6616 6822 6943 7190 7191 7196 7197 7199 7314 8528 9712 9937 10687 10753 10757 10772 11128 11500 11834 12242 12994 13065 13217 13634 13687 13690 13767 13813 13815 13824 14890 15191 15890 15978 15992 16000 16322 16500 16695 16786 17080 17167 17824 17885 17918 17942 18765 18910 19408 21677 22107 22125 23538 23706 24836 25290 25368 25369 25619 25620 25629 25661 25667 25668 25669 25674 25694 25695 25700 25702 25721 25724 25731 25761 25763 25764 25800 25801 25856 25859 25882
1114 9221
1115 10076
1116 3124 4899 8129 10463 11046 15675 15786 16780 17579
1117 25890
1118
1119 10945
1120 18937 25901 25902 25903 25904 25905 25906 25907
1121 1581 1647 2759 5397 6799 7187 7191 11368 12987 13550 13709 22803 25375 25942 26011
1122 1242
1123 64 173 689 965 1238 1257 1406 2001 2390 3019 3049 3542 3748 4232 4430 4607 4755 4888 5025 5664 6125 6624 6846 7019 7043 7145 7191 7482 9186 9656 9720 9937 10147 10810 10934 11031 11479 12522 13549 13565 13658 13668 13690 13824 13839 14568 15314 15398 15776 16025 16626 16781 17896 18011 18912 18917 19631 20526 20563 21156 21320 21448 22108 22130 22411 22868 22934 23007 23026 23130 23380 24159 25155 25293 26040 26041 26042 26044 26048 26058 26062 26063 26071 26074 26076 26077 26078 26082 26084
1124 1115 12363 14015 18404 24327
1125 5582 5642 6155 6156 14542 14548 16058 16336 25222
1126 20091
1127 10565 10615
1128 17797
1129 25661 26093
1130 1237 15139
1131 3016
1132 11368 17659 20724
1133 18462 21400
1134 3664 11166 17783 19286
1135 6529 13876
1136 2158 2224 11686
1137 5130 11080 19123 23378
1138 6977 8868 9673 15163
1139 12308
1140
1141 15934 26117
1142 6099
1143 755 1741 1770 3049 3942 4188 7365 9332 15901 16095
1144 3803
1145 4155 4783 10232 25303 26161 26163 26164
1146 4606
1147
1148 2861 10855 26166
1149 23392
1150 26172 26173
1151
1152
1153 7482
1154 7838 7839 7845
1155
1156
1157
1158 4110
1159 26185
1160
1161 26186
1162 1413
1163 26204
1164 880
1165
1166 11459 22317 26208 26211
1167 23760
1168 134 3866 3967
1169
1170 25672
1171 26243
1172 1021 6601 17952 26258
1173
1174 2463 11099 14138 26261
1175 25935
1176 6768
1177 394 25411
1178 11818
1179 268 17681
1180 1031 1156
1181 26270
1182 25672 25949
1183 26275
1184 9262
1185 13660
1186 17832 26287
1187 5145 26293
1188 26294
1189 14331
1190 12146
1191 26301
1192 8306 10756 26302 26303 26304 26305 26306 26307 26308 26309 26310 26311 26312 26313 26314 26315 26316 26317 26318 26319 26320 26321 26322 26324 26325 26326
1193 6059 23072
1194 25971
1195 26335
1196 26344
1197 20365 23022
1198 1027 3793
1199 6552
1200 5798 15122 26354
1201 1031 4855 12644 13657 14944 18780 26356
1202 880
1203 26363
1204 21785 26365
1205 13824
1206 1533
1207 13844
1208
1209 122 1003 4801 13866
1210
1211 23835
1212 25339
1213 4593 4596 6430 6473 14548
1214
1215 265 4302 12539 26381
1216 394
1217 11852 25358 25363 26382
1218 2362
1219 865
1220 1302 14648 25340 26388
1221 1406 23567 25337
1222 2470 4521 6044 11301 26390
1223 1919 6565 14339 26394
1224 26397
1225 25342
1226 7662 21598
1227 4957 7174 23719
1228 10388 26418
1229 18938
1230 5304 11182
1231 1469 15151 16295 25689 26424 26425 26426
1232 6078 16693
1233
1234 4895 12453 16819 18955 23197 26431 26435 26436 26439
1235 2052 3622 12302 16298 16305 20709 21180 22912 25122 26446 26450
1236 5624 6863 18861 26453
1237 3049
1238 3660 9422 20406 25955
1239 16310 26236 26466
1240 1433 12963
1241 16386
1242
1243 1915 4155 6550 26471
1244 12622 13701 13703 17879 17888 26474
1245 16094 26476
1246 16348 17159 24336 26480 26481
1247 22370 25740 25754
1248 22150
1249 2056
1250 889
1251 1027 13042 19694 21716
1252 10094
1253 1059 3060 3061 18033 25512 26484 26485 26488 26489 26491 26493
1254 1282 2947 6125 7169 10660 11552 15572 26496 26497 26502 26503 26508 26517
1255 1554
1256
1257 13678 13682
1258 660 11042
1259 26530
1260 14336 15186 22008
1261 1242 12847 15586 26595
1262 4593 10617 25959 26596
1263 17896
1264 1156
1265 4383
1266 12359
1267 1242 1578 11301
1268 16301 26600
1269 3967 9945 9950
1270 614 2578 3068 3071 4538 4855 6356 8000 9032 9041 9045 9047 9168 12539 14589 15196 15207 16735 16864 18071 21425 22654 22655 22657 26359 26608 26609 26613 26615 26619 26622 26623 26624 26626 26627
1271 7187 12153 14958 26636 26639 26641
1272 13664
1273 23762 26541
1274 19017 26653
1275 394
1276 1027
1277 13264
1278 25970
1279 1968 12300 26655 26656
1280 3126 7665 26660
1281 11307
1282 16310 26236
1283 26080 26662
1284 2529 3071 3074 3664 4244 6303 9041 9045 9522 14965 15272 19607 21415 22336 25546 26356 26664 26666 26667 26668
1285 14461
1286 4532 9232 13587 15881 26670
1287
1288 18272
1289 20466 26673
1290 1639 11377
1291 10076
1292 13910
1293 2563
1294 2741 8550 10500 16498
1295 9716 12627 19823
1296 1626
1297 9908
1298 13694
1299 7684
1300 4502
1301 3183 10774 14331 25822
1302 14678 16354
1303 24492
1304 13686
1305 18328
1306 1099 1248 4320 4850 4989 5389 6560 7191 8528 10772 11301 17816 26689
1307 261 374 535 660 689 798 1230 1548 1578 1647 2280 2945 3087 3114 3316 3823 3866 3978 4054 4124 4316 4649 4681 4691 4863 5535 6077 6266 6582 6841 6865 7174 7355 7494 8126 8204 9012 9403 9884 10780 10964 11000 12733 12875 13668 13692 13699 13707 13713 13718 13720 13724 13733 13794 14483 15192 15262 15787 16082 16115 16122 16839 16853 17161 17234 17410 17914 17927 17953 17954 17955 18859 18958 18967 20020 20080 20465 21262 22173 22177 23037 23110 23226 23538 23827 24682 24878 26691 26693 26695 26696 26697 26701 26702 26725 26745 26756 26769 26770 26773 26776 26781 26782 26789 26800 26802
1308 4589 4591 4606
1309 122 143 1194 4320 5580 17047 17915
1310 69 24156 26521
1311 8204
1312 5384 7424 23179
1313 143 14954
1314 15166
1315 3033
1316
1317 3954
1318 1504
1319 10767 10770
1320 25359 26841 26842
1321 9173
1322 2293
1323
1324 12370
1325 15218
1326 11761 13698
1327 6601 6602
1328 17859 26850
1329 18968
1330 394 12581
1331 394 12017 12256 12265 12522 12531 12578 24130 25409
1332 8915
1333 3981
1334
1335 3034 22155
1336 15163 17325 23124 26854
1337 394 22184
1338 6077
1339 394
1340 9548
1341 16542
1342 19362 26724 26864
1343 13657 14843 21538
1344 17324
1345 13073 23122 24492 25819 26872
1346 5580 17932 22091 24755
1347 962 2363 7368
1348
1349 1368 26558 26567
1350 8066 8416 18186 26883
1351 18942
1352 11148 12511 26885
1353 1027
1354 11697
1355 20051
1356 394 1504 12017 12116 12265 12522 12578 24129
1357 23136
1358 394
1359 26082
1360 2278 26896
1361 3073 18114
1362 7119 26903
1363 1715 3793 4671 8246 8500
1364 4270
1365 12569
1366 15991
1367 3762 16140 26913 26916
1368 8185
1369 26560
1370 3183 10798 16958 26223
1371 12718
1372 18973 26920
1373 833
1374 9561
1375 9891
1376
1377
1378 6119
1379 7683 26926
1380 4709 4712 26931
1381 6956 11515
1382 19446
1383 5971
1384 394 8190 12562 26941
1385 724 1353 3308 5277
1386 394
1387 3143
1388 4295 5402
1389 16137
1390 26224
1391 12019 12264 21455 26944 26945
1392 13716
1393 21771
1394 2957 3533 6577 7193 8662 9228 12372 13310 15872 18970 26946
1395 122 470 1391 2034 5157 5790 6591 10006 14478 16472 19408 22780 23939 26080 26948 26949 26956 26960
1396 8101
1397 1287
1398 1031
1399 4983
1400 394
1401 10441
1402 18844
1403 4741 5384 15826 18914 21949 23318 23714 23957 26969 26970 26976 26977
1404 6622
1405 26584
1406 134 1577
1407 1643 3298
1408 965 2280
1409 13042
1410 17135
1411 10822 26987
1412 1018 2703 2723 9604 23641 26989
1413 1194 4155
1414 257
1415
1416 26837 26992
1417 1776 1806 2235 3141 10979
1418 6084 8129 11045 26998
1419
1420 26587
1421 13721
1422 4657
1423 27009
1424 3393 27011 27012
1425 17959
1426 27020
1427 1597 27021
1428 1027 3052 3734 16127
1429
1430 27024 27025
1431 2271
1432 27028 27031 27032 27033
1433 70 270 360 459 1274 1889 2878 3809 4245 4843 6279 7702 10017 10027 11911 13097 13302 13786 14482 19020 27034 27035 27038 27043 27046 27071
1434
1435 8079 27093
1436 1592 5426 5668 5684 5776 7242 7888 9621 9972 16591 27129 27131 27160
1437 4113 9361
1438 10108
1439 108 122 183 209 313 444 480 482 697 1058 1156 1246 1761 1901 1952 1997 2079 2170 2238 2269 2410 2951 3164 3299 3372 3388 3391 3599 4285 5265 5696 5699 5725 5874 6321 6328 6673 7054 7485 8108 8682 8891 9688 10009 11064 11080 12229 12631 14140 15273 18060 19623 21329 21421 24817 27167 27172 27174 27176 27186 27238 27279 27280 27301
1440 1058
1441 263 1339 2363 27323
1442 9341
1443
1444 17682 27335
1445 443 453 725 726 729 731 11412 11874 21038 27344
1446
1447 726 729
1448 1927 1934 2024 9617 9644 27354 27357
1449 896 2191 3888 5416 10389 27376 27381
1450 7308
1451 428 27395 27397
1452 17566
1453 5729
1454 27400
1455 9362
1456 9403
1457 2811
1458 68 1108
1459 6005 13729 27404
1460 27407
1461 7119
1462 1359
1463 23882 25880
1464 22896
1465 301 697 857 1156 1406 2253 4223 7092 9224 9399 16522 19007 27417 27421 27422 27432
1466 5409 27447
1467 128 159 325 408 484 487 525 548 783 896 955 972 1027 1192 1311 1404 1406 1865 1919 1985 2240 2564 2610 2698 2702 3036 3303 3612 4153 5209 5481 5699 5873 5997 6984 7092 7255 7529 7542 10033 10040 10053 10076 10581 10811 10953 11202 11363 11469 14279 14664 15739 27381 27462 27476 27485 27506 27508 27513 27525
1468 47 398 517 1041 1147 1732 1806 1930 3201 3219 3311 3313 5207 6642 8190 9921 11072 11517 12617 13786 13866 16027 18818 27564 27585
1469 128 135 259 274 324 387 424 477 606 656 961 972 1058 1108 1196 1877 2063 2083 2121 2129 2131 2142 2144 2158 2159 2352 2865 2930 3358 4198 4984 5303 5343 5425 5551 5744 7251 7677 8304 10013 10057 10060 11520 12785 14727 16410 17721 17857 18048 25709 27227 27514 27594 27595 27599 27610 27624 27647 27650 27656 27657 27668 27697 27699 27702
1470 299 498 669 970 1058 1763 1770 1947 2489 2707 3186 3334 3559 3870 3955 5463 5556 5668 5769 6965 7693 8092 8480 8819 10741 12701 12716 13355 13392 15100 15731 19063 19874 27629 27725 27727 27730
1471 108 246 271 493 524 526 527 531 610 652 653 697 700 706 1058 1469 1668 2308 2444 2710 3139 4276 4391 4836 5455 5494 5614 5750 5909 7126 7209 7272 7473 8050 8115 8130 8664 10201 10581 11219 12831 13355 13973 14674 15296 15307 16929 20267 21244 21462 22032 27225 27772 27795 27803 27813 27820 27843 27844 27855 27856
1472 1250
1473 13883 15391 27862
1474 411
1475 14073
1476 27869
1477 977
1478 27420
1479 5734 8084 27430 27442
1480 10773 27875 27876
1481 1058
1482 14731
1483
1484 8551 11533 27880 27882
1485 1058 4359 6006 6104 7056 9867 11644 22995 23363 23576 24210 27437 27733 27750 27890 27891 27893
1486 977 9332
1487 8090
1488 3779 9102
1489
1490 27904
1491 413
1492
1493 4312 27912 27915
1494 3344 27919
1495 10881
1496 430
1497 451 27928 27929
1498 697
1499 2880 5640 24185
1500 853
1501 471 10020 16027
1502 6261
1503 27942
1504 501 529 1658 3664 4858 6704 6713 9152 10018 10549 25346 27945
1505 22661 27949
1506
1507 547 10178
1508 1144 2815 4297 5227 5950 6197 8417 10383 14434 14656 25756 26255 27959 27960
1509 27763
1510 737 9332
1511 27573
1512 105 27980 27981
1513
1514 1457 1522 1529 3377 5425 6614 9870 27984
1515 1368
1516 3251 3260 8091 12227 13358 14467 19020
1517 737 952
1518 352 1141 1521 2086 3315 3794 4291 5756 6030 7142 7454 7455 7456 7553 9605 9693 9709 9720 10021 10496 10570 10780 11681 15710 17692 18535 18549 18552 26086 27616 28004 28005 28006 28007 28008 28009 28010 28011 28012 28013 28014 28015 28016 28017
1519 27627
1520 524 4198 9361
1521 3280 16450 28018 28019 28020 28021
1522 19000 19001
1523 13037
1524 19259 27758
1525 28028 28029 28030
1526 5947 7029 17144 17490 18004 28033
1527 19614 27757
1528 13052
1529 3339
1530 9406
1531 7053
1532 507
1533 3251
1534 28044
1535 20636 25931 28064 28065
1536 20162 20166 21081 21768 28091
1537 7257 7443 10462 21213 28092
1538 1289 22346 28104
1539 13272
1540 19090
1541 28106 28107 28108
1542 323
1543 6989 9492
1544 20343 23690
1545 1210 4609 4867 7746
1546 1499 5451 28119 28120
1547 28128 28129 28131
1548 22594
1549 3502 14456
1550 2251
1551 1058
1552 9484
1553
1554 5641
1555 2587
1556 9485
1557 1618 1698 4463 6635 7547 7975 15997 18002 28143
1558 1300 2052 2062 5343 5494 5611 7917 8876 17594 28145 28151 28160
1559 1847
1560 7465 7473
1561 23439
1562 1148 3380 27196
1563 7062
1564 3485
1565 3402
1566 1661 4066 9518 28183 28184
1567 13361
1568 13773 13777 14773 28185
1569 3404
1570 3417
1571 8094 17616
1572 3419
1573 7569
1574 3466
1575 98 1383 2620 2756 2932 3071 3436 5947 6254 6659 7209 7252 7509 8870 14150 14335 14538 14776 17707 17792 17807 18256 20689 21451 21625 21720 22620 24411 26750 27766 28196 28197 28198 28199 28200 28201 28202 28204 28206 28210 28211
1576 3437
1577 2885 2901 9235 11818
1578 1862
1579 4430 20195
1580 3322
1581 9602
1582 6969 13353 13786 19117 28222
1583 530
1584 902 11378
1585 10999 11469 28233
1586 27639
1587 3224
1588 464
1589 515 27286
1590 27498
1591 28242
1592 271 523 564 578 593 622 655 1031 1088 1176 1557 2011 2082 2132 2170 2253 2390 2804 3351 3436 3558 3869 5664 5706 5751 5754 6013 6085 6954 8216 11341 12825 14162 14408 15245 17605 22434 28269 28272 28274
1593 14657
1594 1684
1595 28295
1596 7029 10024
1597 9715 13236 21091 27678 28299 28300 28302 28303
1598 1136 8856
1599 8415
1600
1601 27633
1602 750 11790 17652
1603 5869 9976 11252 22317 24466 28094 28323 28334 28336
1604
1605 27641
1606 27290
1607 7590
1608 4987
1609
1610 882
1611 2371 5437 16433
1612 28342 28345
1613 1760 7271
1614 1339 2363
1615 570 8354
1616 345
1617 3262 21271 28351
1618 28354
1619 13356
1620 2598
1621
1622 75 344 952 3090 7056 9377 14758 28060 28361 28362
1623 8087 13350
1624 493 1242
1625 5732
1626 122
1627 28379
1628 27661
1629 562 28385
1630 2153 4244 13348
1631 3996
1632 9004
1633 14331
1634 1027 2920
1635 1593
1636 543 7850
1637 2108 9542
1638 64 68 481 700 1108 1153 1927 2758 3222 3774 6329 6802 6805 6806 6824 6833 6838 7917 8473 9532 11219 11301 16547 18213 21318 21462 24193 24203 24204 24512 24848 28396 28399 28401 28402 28404 28406 28408 28409 28411 28412 28413 28414 28415 28416 28417 28419 28425 28426 28427
1639 5400 19882 23025 26025 28433 28435 28436 28437 28438 28439 28441 28442
1640 2578
1641 1433 1478 7269
1642 1757 1760
1643 3372
1644 28444
1645 8906
1646 11417
1647 619
1648 558
1649 1723
1650 5698
1651 1895
1652
1653 7966
1654 609
1655 15203 28482
1656 1786
1657 17338
1658 1708
1659 3323
1660 2721
1661 9504 9513 9536
1662 1770
1663 3513
1664 3584
1665 13073
1666 28501
1667 170 1133 1314 1331 1771 2372 2618 2966 3015 3035 7808 8855 27150 27997 28509 28511 28512
1668 28517
1669 9506
1670 3811 5584 17256 18303 28518 28519
1671 1903
1672 1412 7589 16998
1673 16255
1674 498 2368
1675 14130 27684
1676 4331 4448 15245 16320 23572 26296 28539
1677 4302
1678 28541
1679 13532
1680 17798
1681
1682 10050
1683 678
1684 561
1685 645 648 2056 12545
1686 2099
1687 4308
1688 4310 4330 4336
1689 4311
1690 98
1691 28558
1692 5606 11456
1693 209 1634 2103 5931 10430 17393
1694 8037
1695 14681
1696 3575
1697 413
1698 10779 28573
1699 1381 3599
1700 7152
1701 15605 21741 27723 28583
1702 28585
1703 9632 9633
1704 675
1705 9627
1706 1334 9647 14261 28600
1707 394 6618
1708 27908 28606 28607 28608
1709 9621
1710 28614
1711 27846
1712 5151
1713 9907
1714 45 683 711 3156 8448 8540 9676 14692 15878 28022 28620 28621
1715 1668 2452 3156 8538 8540 8541 9003
1716 2446 28630 28631 28633 28634
1717 1357
1718 1139 1140 11223
1719 4846 22640
1720 11209
1721 11220 11239 11248
1722 11240
1723 7586
1724 2001 2457 3201
1725 8015
1726 8530
1727 13744
1728 1311 2306 5165 7742 11285
1729 1618 4368 5320 17318
1730 870
1731 4165
1732 28574
1733 28659 28660 28661 28663 28664
1734 4377 28665
1735 28667
1736 1864
1737 11942 16624 19215 19242 26365 28679
1738 1386
1739 5601
1740 1010 1839 3308 3647 13063 14364 18095 28688
1741 14380
1742 2381
1743 975
1744 1385
1745
1746 358 8987 9703
1747 2259
1748 718
1749 1823
1750 18552
1751 6465 9718 13131 28699
1752 5939 17013
1753 2799
1754 1866 5668
1755
1756 1897 14131
1757 2992
1758 143 1099 2319
1759 28719
1760 9664
1761 394 3181 6732 7659 8101 9436 15541 20116 28720
1762 26478
1763 3651 18639 28723 28724
1764 6866
1765 145 2443 2951 5411 5760 5850 7743 10741 14059 14388 15776 27280 28732 28734
1766 3683 28746 28747
1767 5610 9192 9492
1768 186
1769 7437
1770 6344
1771 3629
1772 2295
1773 14399
1774
1775
1776
1777 4006
1778 4440
1779 1625
1780 28761
1781 15 113 11371 12869 14135 28764 28765 28768
1782 1118 3068 3071 3080 5834 6356 7521 8686 9151 9789 13055 14219 28638 28772 28773 28774 28775 28779
1783 3645
1784 1734
1785 1008 2586 5831 9812 13868
1786 877 2726 5857
1787 9783 11432
1788 28793
1789 14250
1790 2388 28799 28806
1791 1353 1410 2270 4350 11774
1792 733 5938
1793 5981
1794 98 783 8566 9358 17798 28810
1795 5949
1796 2457
1797 11841
1798 1406
1799 18103
1800 1442 5288
1801 1088 1153
1802 2778 18300 21708 28821
1803 21258
1804 28831 28832
1805 16111
1806 28833
1807 8879
1808 7324 18832
1809 16567 23573 28839
1810 16876
1811 279 734 892 1101 1581 2360 2399 2478 2992 3033 3820 5624 5676 6099 7449 8193 8212 9214 9351 9773 10825 11389 13241 13349 14531 14595 15381 17395 18257 18258 20208 26466 28841 28842 28843 28844 28845 28846 28847
1812 7065 24372
1813 1592 28849
1814 6912 14306 19996
1815 21382
1816 7145
1817 8706 28853 28855
1818 19432 28856
1819 7356 16829
1820 70 2627 7862 9851 16462 16850 17455 24558
1821 33 301 352 1101 1968 2314 3902 4356 7316 7804 8746 8940 9908 12462 15200 15745 15843 16607 21952 28863 28866 28891
1822 19443 25735
1823 18307 21801 28898 28899 28900
1824 2876 9604 27405 28903
1825 1052 12466 13517 20523 28904
1826 12372
1827 28912 28913
1828 3629
1829 1064
1830 13079 15630 28921
1831 2251 11111
1832 12569 20454
1833 335 1221 1374 1519 2019 2624 2748 3886 5599 5735 5753 7425 11916 13748 13900 14589 15879 19059 19419 25465 28927 28931 28942
1834 5582 6401 6968 21962 21965 21967 28955
1835 25460 28958
1836 4620 10120 28959
1837 28964
1838 19060
1839 7292
1840 1118 3080 3683 6676 28823 28968 28971
1841 4339 18658 28975 28977
1842 7365
1843 2969
1844 394
1845 25 65 70 110 276 303 459 525 613 813 847 917 923 937 958 971 1012 1027 1116 1455 1868 1893 1928 2410 2612 2984 3001 3144 3258 3381 3628 3668 3756 4022 4155 5408 5617 5851 6308 6361 6555 6802 6951 7054 7380 7552 7905 8204 8538 8658 8947 8967 9166 9939 10630 10838 11207 11267 11364 12134 13214 13848 14483 14584 14731 14942 15273 15353 15671 15942 16624 16625 16710 16769 16917 16946 16947 17387 17675 18120 18188 19136 20091 20120 20475 21188 21564 21784 21785 21848 22343 22357 22408 24223 27469 28793 28795 28982 29008 29010 29043 29044 29045 29046 29048 29064 29072 29077 29085 29094 29099 29100 29101 29104 29113
1846 6266
1847 3341 28880
1848 3846 6920 25130 29118
1849 20526
1850 28871
1851 19055
1852 13264
1853 6917
1854 3070 5613 28104
1855 394 6618 12460 12533 25411
1856 3060 29134 29136
1857 9311
1858 117 737 747 970 1140 1767 2557 3058 4181 4915 5678 5865 6811 7099 7197 7845 8959 8967 9274 10386 11717 13724 13765 14439 16172 16578 16631 16632 18848 19085 21026 21987 22007 23088 25243 25279 26965 29159 29169 29180 29201
1859 6599 16630
1860 19336 23810 23995 29219
1861 22353 29224
1862 638 1682 3037
1863 1156
1864 5601
1865 28485
1866 12493 12494 12495 12497 12501 12502 12504 12507
1867 2280 29243
1868 4899 8241 17579
1869 28760 29249
1870
1871 29252
1872
1873 868
1874 301 515 773 943 1087 1771 1911 1926 1977 2046 2178 2331 2383 5242 6484 6599 7472 13362 16660 17677 18090 19962 20722 21271 21956 22751 23047 24076 29294 29301
1875 7029
1876 1578 19969 29312 29313
1877 22349
1878 19067 29263
1879 29316
1880 9164
1881 19076
1882 5228
1883 14762
1884 19259
1885 19079 21183
1886 29322
1887 1328 2190
1888 29016
1889 8257 10536
1890 2234
1891 2248 13761 29353 29357
1892
1893 394
1894 1781 15232 27903
1895 4271 14174
1896 22024
1897 11761
1898 9602
1899 394 12533 12569 12581 21231 29372
1900 15111
1901 770 954 4875 6645 9815 10514 16791
1902 389 12341 21185 22220 22221 22225 22327 24185 29378 29380 29381
1903 8977 29384 29385
1904 2592 4248 15626 17429 18355 19920 23192 29387 29388 29390 29391 29392
1905 749
1906 20088 21255
1907 11516
1908 13626
1909 12472
1910 21186
1911 2238 5210 6959 21211 21876
1912 779
1913 7921
1914 475
1915 3850 12228 18735 19416
1916 9607
1917 7271
1918 19789
1919 7054
1920 822
1921 352
1922 1249
1923 5639 8637 16876
1924
1925 12254
1926 98 167 15051 22118 29423
1927 782
1928 1027
1929 18029
1930 14787 29036
1931 2714
1932 6748 8337
1933 820 1398 21228 21229 29435
1934 791 20771
1935 29441
1936 10486
1937 47 6032
1938 7356
1939 4181 6999
1940 9423
1941 775 4312 28555 29444 29445
1942
1943 29033 29446 29447
1944 815
1945 11908 12116 12127 22540 23757 29451
1946 18318 21962
1947 2418
1948 122 841 8234 20217
1949 1027
1950 301 550 727 744 847 1011 1115 1302 1365 1578 2158 2235 2270 2347 2881 3141 3715 3850 5207 5458 5494 5898 6402 6472 6959 7296 7353 7656 8249 9291 10986 14050 14540 15333 15547 16524 16903 17323 17671 21287 22085 23527 26502 29466 29494 29495 29496
1951 13815
1952 1027
1953 134
1954 11046
1955 1016 21233
1956
1957 15768 29529
1958 27295 29531
1959 19259
1960 5698
1961 660 16819
1962 16856 16870
1963 21234
1964 29533
1965 2707 29021 29534
1966
1967 16889
1968
1969 864 7356
1970 5231 17197
1971 83 134 236 276 324 338 339 352 382 466 524 738 797 798 806 819 833 839 849 882 892 894 912 919 922 955 957 958 979 985 995 1027 1041 1053 1289 1290 1458 1540 1578 1799 1961 2007 2205 2280 2314 2410 2540 2603 2629 2658 2695 2856 3211 3816 3869 4002 4007 4425 4674 4677 5448 5462 5494 5507 5628 5913 6077 6115 6330 6400 6586 6795 6838 6955 6965 6999 7382 7383 7659 8126 8528 8783 8990 8996 9004 9009 9919 10177 10551 10799 10814 10834 11377 11495 12049 12224 12367 12465 13025 13055 13073 13141 13353 13411 13658 13709 13772 14390 14419 14705 14753 14865 15043 16522 16525 16958 17652 18293 19108 19127 19571 19792 19807 21263 21337 21835 22342 22888 23404 24303 24585 25512 26272 27138 27819 28274 28815 29539 29540 29541 29545 29546 29548 29553 29566 29572 29573 29574 29575 29594 29599 29604 29608 29616 29620 29622 29628 29629 29632 29636
1972 54 896 942 1101 1458 1501 2418 2465 2723 4430 6992 7219 11175 14753 15422 16948 29650 29679 29687
1973 16895 16899 16904
1974 11774 11940 27509
1975 816 817 10634
1976 29690
1977 16913
1978 1027
1979 4191
1980 17652 26704
1981 8000
1982 29696
1983 29698
1984 1238
1985 20643
1986 5215
1987 9314 16886
1988 832 1215 3057 6144 8558 8653
1989 394 3541 8558 20422 25409
1990
1991 29486
1992 11826
1993 1011 1014 2508 14500 20309 22504 29702
1994 7381
1995 2016
1996 143 331 1099 1115 17028
1997 5592 19512 21265
1998 15164
1999 7377 11293 19824
2000 1215
2001 29715
2002 21282 21287 29717
2003 17550
2004 19336 19347 23995 29219
2005 7701 26638 29722
2006 4032 29657
2007
2008 11032
2009 4079 7646
2010
2011
2012 81 382 891 1027 1156 2713 3295 4446 6999 9009 9777 13915 18280 18293 21546 29587 29745 29756
2013 29759 29761
2014 3340
2015 1027
2016 890 891 903 931 1027 2280 2316 6617 8888 8968 9009 10742 13822 15684 19125 22518 29764 29777
2017 6966 29460
2018 5835 7130 28774 29124
2019 459 29572
2020 914
2021 3051 6059
2022 7104 15345
2023 16613
2024
2025 1027 2436 2546 2657 2944 3824 15391 21776 29800
2026 11925
2027 29820
2028 18083 29825
2029 10741 11006 17877 29826 29828
2030 899
2031 991
2032 394 920 7286 12259 12581 29834
2033 2515
2034 5974 10570
2035 3846
2036 3321
2037 3791
2038 1556
2039 1947 3288 12701
2040
2041 29845
2042 18272
2043 459 1027
2044 1386 2695 12831 18049 29052
2045 2697
2046 737 1767 25094
2047 12264
2048 15644 22488 28909
2049 12466
2050 12329 29462
2051 933
2052 1027
2053 9345 29859
2054 20652
2055 9746 29467
2056 920 12259
2057
2058 23641
2059 7371
2060 601
2061 338 638 928 997 1168 1568 1648 2542 4133 4238 4322 5001 5295 5396 5781 6581 7178 7291 7755 8061 8556 9021 12209 12662 12714 12742 13345 13634 15644 16681 17480 17797 21314 22373 29863 29864 29865 29880
2062 19397
2063 5646
2064 4502
2065 1027
2066 5645 18071 29936 29937
2067 2578 29942
2068 17566 29945 29946
2069 7473 9152
2070 28901
2071 316
2072 737
2073 1027
2074 301 459 805 988 2992 3810 5389 10831 10841 11012 15398 29949
2075 4843 10989 12645
2076 18633
2077 4349 5314 5657 5847 6748 7473 17019 17491 23066 29967 29968 29975
2078 1852
2079 1027
2080 483 11006 22814
2081 6758
2082 9575
2083 8174 9219
2084 70 18075
2085 70
2086 14598 20465
2087 4007
2088 23508
2089 6078 18281 22317 29894
2090 972
2091 11872 29981
2092 29984 29985
2093
2094 3381 7148 7196 12478 15079 23307 23431 29987 29988 29992 29994 29995 29996 29997 29998 30000 30001 30002
2095 1561 3462 7150 10222 10737 14409 15310 16027 19266 21707 22137 23248 28013 30004 30005 30006 30007 30008 30009 30010 30011 30012
2096 15934
2097 1118 4361 21430
2098 12930 17726 30015
2099
2100 4967 11949 12339 13561 18573
2101 5105 30020
2102 22521 30022
2103 16658
2104 1017 8498
2105 7597 22494
2106
2107 394
2108 827 18213 27153 30032
2109 116 376 3148 11167 15902 16177 23646 24757 30033
2110 2293 13886
2111 1010 11134 30036
2112 3178 9533
2113 17130
2114 18212
2115 1027
2116 29663
2117 524
2118 1339
2119 24275 30040
2120 1027 30042
2121 6902
2122 22510
2123 16386
2124 7622
2125 14864 24507
2126 15997 30060 30063
2127 7104 12782
2128 18807
2129 1027
2130 8244 21252
2131 7690 14902 23529
2132 17330
2133 6618 16958 30066 30068 30073
2134 5384 23445 30078
2135 627
2136 21314
2137 5001
2138 1756 6616 12921
2139 8654 16630 24258 25387 25405 28879 30080 30081
2140 30082
2141 1014
2142 27932 30083
2143
2144 13601
2145 7461
2146 1386 1412 1463 7587 7588 7589 7990 9131 9517 15740 16998 17487 25171
2147 16200
2148 13015 25136
2149 17142
2150 14151 18235
2151 9386
2152 22526
2153 6175 12019 12460 12469 12523 12531 12535 12538 25404 25405 30087
2154 2513 13712
2155 8476
2156
2157 11080 23912 26948 30090
2158 90 1025 5732 13155
2159 7152
2160 10825
2161 7453 17515 23829
2162 4501
2163 638 24001
2164
2165 257 757 2741 5738 8528 10020 18690 20204 21755 24571 30100 30101 30102
2166 7690 15039
2167
2168 8047 23031 29059
2169 644 1339
2170 13338
2171 6984 30112
2172 143
2173 691 20172
